0.002564102564102564 0.05384615384615385 0.13076923076923075 0.002564102564102564 0.18205128205128204 0.0794871794871795 0.02820512820512821 0.05384615384615385 0.41282051282051285 0.05384615384615385 
0.046067415730337076 0.14719101123595504 0.012359550561797755 0.02359550561797753 0.15842696629213482 0.3157303370786517 0.12471910112359551 0.0348314606741573 0.02359550561797753 0.11348314606741573 
0.27297297297297296 0.05675675675675676 0.13783783783783782 0.16486486486486485 0.08378378378378379 0.02972972972972973 0.002702702702702703 0.002702702702702703 0.24594594594594593 0.002702702702702703 
0.11269841269841269 0.06507936507936507 0.27142857142857146 0.20793650793650792 0.049206349206349205 0.0015873015873015873 0.0015873015873015873 0.0015873015873015873 0.11269841269841269 0.17619047619047618 
0.12638888888888888 0.11249999999999999 0.001388888888888889 0.043055555555555555 0.056944444444444436 0.19583333333333333 0.056944444444444436 0.11249999999999999 0.056944444444444436 0.23750000000000002 
0.04468085106382979 0.002127659574468085 0.06595744680851064 0.2148936170212766 0.15106382978723404 0.1723404255319149 0.002127659574468085 0.19361702127659575 0.06595744680851064 0.08723404255319148 
0.003448275862068966 0.003448275862068966 0.03793103448275863 0.07241379310344828 0.10689655172413794 0.03793103448275863 0.07241379310344828 0.21034482758620687 0.4517241379310345 0.003448275862068966 
0.002272727272727273 0.38863636363636367 0.1159090909090909 0.025 0.025 0.16136363636363635 0.09318181818181817 0.13863636363636364 0.04772727272727273 0.002272727272727273 
0.002564102564102564 0.5923076923076923 0.02820512820512821 0.05384615384615385 0.002564102564102564 0.13076923076923075 0.18205128205128204 0.002564102564102564 0.002564102564102564 0.002564102564102564 
0.002564102564102564 0.002564102564102564 0.002564102564102564 0.33589743589743587 0.002564102564102564 0.3871794871794872 0.02820512820512821 0.10512820512820512 0.02820512820512821 0.10512820512820512 
0.002 0.002 0.062 0.142 0.42200000000000004 0.002 0.062 0.302 0.002 0.002 
0.3954545454545455 0.0015151515151515152 0.13787878787878788 0.07727272727272727 0.03181818181818182 0.0015151515151515152 0.15303030303030302 0.0015151515151515152 0.13787878787878788 0.06212121212121212 
0.12333333333333332 0.0011111111111111111 0.07888888888888888 0.0011111111111111111 0.2788888888888889 0.14555555555555555 0.0011111111111111111 0.13444444444444445 0.07888888888888888 0.15666666666666668 
0.4547169811320755 0.07735849056603773 0.24716981132075472 0.1150943396226415 0.03962264150943397 0.0018867924528301887 0.03962264150943397 0.020754716981132078 0.0018867924528301887 0.0018867924528301887 
0.0025 0.1525 0.027500000000000004 0.052500000000000005 0.0775 0.3025 0.20249999999999999 0.052500000000000005 0.052500000000000005 0.0775 
0.00196078431372549 0.060784313725490195 0.00196078431372549 0.00196078431372549 0.00196078431372549 0.2372549019607843 0.00196078431372549 0.1392156862745098 0.35490196078431374 0.1980392156862745 
0.31511627906976747 0.1988372093023256 0.08255813953488372 0.24534883720930234 0.03604651162790698 0.012790697674418606 0.04767441860465116 0.012790697674418606 0.04767441860465116 0.0011627906976744186 
0.08367346938775509 0.022448979591836737 0.0020408163265306124 0.0020408163265306124 0.022448979591836737 0.04285714285714286 0.0020408163265306124 0.3489795918367347 0.22653061224489796 0.24693877551020407 
0.1159090909090909 0.16136363636363635 0.25227272727272726 0.04772727272727273 0.025 0.07045454545454545 0.07045454545454545 0.07045454545454545 0.18409090909090908 0.002272727272727273 
0.04709302325581395 0.14593023255813956 0.24476744186046512 0.035465116279069765 0.006395348837209303 0.08197674418604652 0.23313953488372094 0.006395348837209303 0.07616279069767441 0.12267441860465117 
0.07 0.0033333333333333335 0.23666666666666666 0.0033333333333333335 0.03666666666666667 0.07 0.2033333333333333 0.16999999999999998 0.16999999999999998 0.03666666666666667 
0.016666666666666666 0.0015151515151515152 0.0015151515151515152 0.24393939393939396 0.03181818181818182 0.07727272727272727 0.2742424242424243 0.016666666666666666 0.18333333333333332 0.15303030303030302 
0.5477272727272727 0.002272727272727273 0.002272727272727273 0.07045454545454545 0.20681818181818182 0.07045454545454545 0.002272727272727273 0.09318181818181817 0.002272727272727273 0.002272727272727273 
0.002127659574468085 0.002127659574468085 0.19361702127659575 0.06595744680851064 0.1723404255319149 0.3 0.08723404255319148 0.002127659574468085 0.02340425531914894 0.15106382978723404 
0.20793650793650792 0.01746031746031746 0.28730158730158734 0.12857142857142856 0.0015873015873015873 0.12857142857142856 0.0015873015873015873 0.0015873015873015873 0.2238095238095238 0.0015873015873015873 
0.04366197183098592 0.11408450704225352 0.029577464788732397 0.015492957746478875 0.09999999999999999 0.08591549295774648 0.4098591549295775 0.1704225352112676 0.0014084507042253522 0.029577464788732397 
0.002702702702702703 0.002702702702702703 0.327027027027027 0.2189189189189189 0.27297297297297296 0.002702702702702703 0.02972972972972973 0.002702702702702703 0.002702702702702703 0.13783783783783782 
0.1568965517241379 0.001724137931034483 0.001724137931034483 0.10517241379310344 0.3120689655172414 0.001724137931034483 0.07068965517241378 0.19137931034482758 0.03620689655172414 0.12241379310344827 
0.0030303030303030303 0.12424242424242424 0.03333333333333333 0.0030303030303030303 0.03333333333333333 0.30606060606060603 0.30606060606060603 0.0030303030303030303 0.0030303030303030303 0.18484848484848485 
0.1883720930232558 0.002325581395348837 0.002325581395348837 0.002325581395348837 0.002325581395348837 0.11860465116279069 0.16511627906976745 0.002325581395348837 0.30465116279069765 0.2116279069767442 
0.1330188679245283 0.05754716981132075 0.25566037735849056 0.1707547169811321 0.010377358490566039 0.04811320754716981 0.2650943396226415 0.019811320754716984 0.029245283018867925 0.010377358490566039 
0.0796875 0.0171875 0.0015625 0.0796875 0.1734375 0.1109375 0.0640625 0.1421875 0.3296875 0.0015625 
0.0035714285714285718 0.0035714285714285718 0.0035714285714285718 0.0035714285714285718 0.3964285714285714 0.28928571428571426 0.21785714285714283 0.0035714285714285718 0.0035714285714285718 0.075 
0.1 0.29354838709677417 0.22903225806451613 0.035483870967741936 0.0032258064516129032 0.0032258064516129032 0.16451612903225804 0.035483870967741936 0.132258064516129 0.0032258064516129032 
0.0029411764705882353 0.5911764705882353 0.12058823529411763 0.0029411764705882353 0.03235294117647059 0.0911764705882353 0.061764705882352944 0.0911764705882353 0.0029411764705882353 0.0029411764705882353 
0.08970588235294118 0.0014705882352941176 0.17794117647058824 0.06029411764705882 0.016176470588235296 0.016176470588235296 0.0014705882352941176 0.030882352941176472 0.45735294117647063 0.14852941176470588 
0.011827956989247313 0.24838709677419357 0.03333333333333333 0.07634408602150537 0.04408602150537634 0.32365591397849464 0.022580645161290325 0.11935483870967742 0.011827956989247313 0.1086021505376344 
0.08714285714285713 0.08714285714285713 0.07285714285714286 0.27285714285714285 0.04428571428571429 0.07285714285714286 0.08714285714285713 0.07285714285714286 0.015714285714285715 0.18714285714285714 
0.06949152542372881 0.23898305084745763 0.1711864406779661 0.01864406779661017 0.0016949152542372883 0.03559322033898305 0.01864406779661017 0.23898305084745763 0.188135593220339 0.01864406779661017 
0.002631578947368421 0.05526315789473685 0.05526315789473685 0.3447368421052632 0.002631578947368421 0.10789473684210525 0.16052631578947368 0.05526315789473685 0.16052631578947368 0.05526315789473685 
0.0015384615384615385 0.0015384615384615385 0.0015384615384615385 0.3707692307692308 0.10923076923076923 0.0015384615384615385 0.18615384615384614 0.17076923076923076 0.10923076923076923 0.047692307692307694 
0.30000000000000004 0.13116883116883116 0.06623376623376623 0.053246753246753244 0.027272727272727275 0.0012987012987012987 0.2090909090909091 0.0012987012987012987 0.014285714285714287 0.19610389610389609 
0.028947368421052635 0.2131578947368421 0.002631578947368421 0.13421052631578947 0.31842105263157894 0.002631578947368421 0.2394736842105263 0.05526315789473685 0.002631578947368421 0.002631578947368421 
0.19473684210526315 0.17719298245614035 0.31754385964912285 0.12456140350877193 0.0017543859649122807 0.054385964912280704 0.0017543859649122807 0.0368421052631579 0.01929824561403509 0.0719298245614035 
0.124 0.004 0.004 0.044000000000000004 0.004 0.364 0.444 0.004 0.004 0.004 
0.142 0.022000000000000002 0.182 0.022000000000000002 0.042 0.142 0.042 0.242 0.002 0.162 
0.14489795918367346 0.0020408163265306124 0.0020408163265306124 0.12448979591836734 0.22653061224489796 0.0020408163265306124 0.0020408163265306124 0.18571428571428572 0.22653061224489796 0.08367346938775509 
0.0025 0.0775 0.0025 0.0775 0.1275 0.0025 0.0025 0.6275000000000001 0.027500000000000004 0.052500000000000005 
0.0922077922077922 0.13116883116883116 0.07922077922077922 0.11818181818181818 0.0012987012987012987 0.07922077922077922 0.27402597402597406 0.06623376623376623 0.13116883116883116 0.027272727272727275 
0.03962264150943397 0.020754716981132078 0.09622641509433962 0.03962264150943397 0.020754716981132078 0.3415094339622642 0.24716981132075472 0.15283018867924528 0.0018867924528301887 0.03962264150943397 
0.24693877551020407 0.12448979591836734 0.0020408163265306124 0.04285714285714286 0.08367346938775509 0.08367346938775509 0.06326530612244897 0.3489795918367347 0.0020408163265306124 0.0020408163265306124 
0.002272727272727273 0.07045454545454545 0.07045454545454545 0.025 0.07045454545454545 0.002272727272727273 0.16136363636363635 0.25227272727272726 0.3431818181818182 0.002272727272727273 
0.20793650793650792 0.17619047619047618 0.19206349206349205 0.0015873015873015873 0.11269841269841269 0.049206349206349205 0.09682539682539681 0.01746031746031746 0.0015873015873015873 0.14444444444444443 
0.014666666666666668 0.108 0.308 0.0013333333333333335 0.388 0.028 0.0013333333333333335 0.0013333333333333335 0.148 0.0013333333333333335 
0.004347826086956522 0.004347826086956522 0.30869565217391304 0.004347826086956522 0.04782608695652174 0.004347826086956522 0.004347826086956522 0.5260869565217391 0.09130434782608696 0.004347826086956522 
0.002272727272727273 0.002272727272727273 0.002272727272727273 0.20681818181818182 0.025 0.002272727272727273 0.32045454545454544 0.25227272727272726 0.18409090909090908 0.002272727272727273 
0.02972972972972973 0.2189189189189189 0.002702702702702703 0.3 0.3810810810810811 0.002702702702702703 0.002702702702702703 0.002702702702702703 0.002702702702702703 0.05675675675675676 
0.18703703703703703 0.05740740740740741 0.1685185185185185 0.07592592592592592 0.22407407407407406 0.001851851851851852 0.2796296296296296 0.001851851851851852 0.001851851851851852 0.001851851851851852 
0.2217391304347826 0.04782608695652174 0.004347826086956522 0.1782608695652174 0.04782608695652174 0.04782608695652174 0.004347826086956522 0.09130434782608696 0.004347826086956522 0.3521739130434782 
0.024444444444444446 0.0911111111111111 0.06888888888888889 0.24666666666666665 0.04666666666666667 0.11333333333333333 0.0022222222222222222 0.04666666666666667 0.24666666666666665 0.11333333333333333 
0.0018181818181818182 0.22 0.02 0.22 0.056363636363636366 0.0018181818181818182 0.07454545454545454 0.038181818181818185 0.3472727272727273 0.02 
0.2568627450980392 0.00196078431372549 0.1196078431372549 0.1980392156862745 0.00196078431372549 0.08039215686274509 0.041176470588235294 0.060784313725490195 0.2372549019607843 0.00196078431372549 
0.05081967213114754 0.06721311475409836 0.21475409836065573 0.018032786885245903 0.018032786885245903 0.001639344262295082 0.05081967213114754 0.36229508196721316 0.16557377049180327 0.05081967213114754 
0.002777777777777778 0.14166666666666666 0.08611111111111111 0.002777777777777778 0.002777777777777778 0.002777777777777778 0.002777777777777778 0.7250000000000001 0.002777777777777778 0.030555555555555558 
0.19142857142857145 0.010476190476190477 0.11523809523809524 0.11523809523809524 0.12476190476190475 0.05809523809523809 0.04857142857142857 0.24857142857142858 0.0009523809523809524 0.08666666666666667 
0.08039215686274509 0.1980392156862745 0.041176470588235294 0.43333333333333335 0.00196078431372549 0.021568627450980395 0.09999999999999999 0.00196078431372549 0.1196078431372549 0.00196078431372549 
0.10851063829787233 0.10851063829787233 0.002127659574468085 0.06595744680851064 0.08723404255319148 0.002127659574468085 0.5765957446808511 0.04468085106382979 0.002127659574468085 0.002127659574468085 
0.09807692307692308 0.05961538461538462 0.0019230769230769232 0.04038461538461539 0.44423076923076926 0.0019230769230769232 0.0019230769230769232 0.11730769230769231 0.19423076923076923 0.04038461538461539 
0.19836065573770492 0.001639344262295082 0.018032786885245903 0.08360655737704917 0.11639344262295082 0.001639344262295082 0.05081967213114754 0.13278688524590163 0.29672131147540987 0.09999999999999999 
0.002857142857142857 0.17428571428571427 0.17428571428571427 0.002857142857142857 0.002857142857142857 0.26 0.002857142857142857 0.002857142857142857 0.08857142857142858 0.28857142857142853 
0.07380952380952381 0.0976190476190476 0.05 0.0976190476190476 0.16904761904761903 0.002380952380952381 0.07380952380952381 0.002380952380952381 0.430952380952381 0.002380952380952381 
0.08857142857142858 0.002857142857142857 0.060000000000000005 0.1457142857142857 0.28857142857142853 0.002857142857142857 0.08857142857142858 0.002857142857142857 0.3171428571428571 0.002857142857142857 
0.11730769230769231 0.021153846153846155 0.19423076923076923 0.13653846153846153 0.0019230769230769232 0.04038461538461539 0.05961538461538462 0.0019230769230769232 0.36730769230769234 0.05961538461538462 
0.25638297872340426 0.16063829787234044 0.20319148936170214 0.04361702127659574 0.0010638297872340426 0.08617021276595745 0.03297872340425532 0.07553191489361702 0.13936170212765958 0.0010638297872340426 
0.0020408163265306124 0.04285714285714286 0.0020408163265306124 0.04285714285714286 0.16530612244897958 0.0020408163265306124 0.06326530612244897 0.18571428571428572 0.28775510204081634 0.20612244897959184 
0.07560975609756097 0.09999999999999999 0.3195121951219512 0.0024390243902439024 0.09999999999999999 0.0024390243902439024 0.02682926829268293 0.17317073170731706 0.19756097560975608 0.0024390243902439024 
0.10512820512820512 0.0794871794871795 0.13076923076923075 0.4641025641025641 0.002564102564102564 0.05384615384615385 0.002564102564102564 0.1564102564102564 0.002564102564102564 0.002564102564102564 
0.1159090909090909 0.07045454545454545 0.002272727272727273 0.13863636363636364 0.04772727272727273 0.16136363636363635 0.07045454545454545 0.36590909090909096 0.002272727272727273 0.025 
0.08723404255319148 0.002127659574468085 0.2148936170212766 0.32127659574468087 0.15106382978723404 0.2148936170212766 0.002127659574468085 0.002127659574468085 0.002127659574468085 0.002127659574468085 
0.18450704225352113 0.015492957746478875 0.0014084507042253522 0.2690140845070423 0.0014084507042253522 0.0014084507042253522 0.2549295774647887 0.08591549295774648 0.18450704225352113 0.0014084507042253522 
0.08947368421052632 0.2649122807017544 0.0017543859649122807 0.08947368421052632 0.10701754385964912 0.12456140350877193 0.2649122807017544 0.01929824561403509 0.0017543859649122807 0.0368421052631579 
0.05740740740740741 0.13148148148148148 0.001851851851851852 0.001851851851851852 0.001851851851851852 0.11296296296296296 0.001851851851851852 0.37222222222222223 0.20555555555555555 0.11296296296296296 
0.05 0.16904761904761903 0.07380952380952381 0.05 0.002380952380952381 0.002380952380952381 0.12142857142857141 0.12142857142857141 0.002380952380952381 0.4071428571428572 
0.28245614035087724 0.0719298245614035 0.0017543859649122807 0.2649122807017544 0.17719298245614035 0.0017543859649122807 0.14210526315789473 0.0368421052631579 0.01929824561403509 0.0017543859649122807 
0.0022222222222222222 0.22444444444444445 0.11333333333333333 0.0022222222222222222 0.11333333333333333 0.06888888888888889 0.2911111111111111 0.11333333333333333 0.0022222222222222222 0.06888888888888889 
0.17941176470588235 0.12058823529411763 0.0029411764705882353 0.0029411764705882353 0.0029411764705882353 0.0029411764705882353 0.0911764705882353 0.061764705882352944 0.0029411764705882353 0.5323529411764706 
0.1775 0.1775 0.0025 0.3525 0.0025 0.1275 0.0025 0.1025 0.0025 0.052500000000000005 
0.004347826086956522 0.04782608695652174 0.004347826086956522 0.004347826086956522 0.004347826086956522 0.2217391304347826 0.39565217391304347 0.004347826086956522 0.2217391304347826 0.09130434782608696 
0.07363636363636364 0.03727272727272727 0.1463636363636364 0.09181818181818181 0.1009090909090909 0.06454545454545454 0.1190909090909091 0.08272727272727272 0.23727272727272727 0.046363636363636364 
0.26304347826086955 0.0891304347826087 0.1760869565217391 0.002173913043478261 0.002173913043478261 0.15434782608695652 0.24130434782608695 0.002173913043478261 0.002173913043478261 0.06739130434782609 
0.26999999999999996 0.07 0.0033333333333333335 0.0033333333333333335 0.0033333333333333335 0.43666666666666665 0.2033333333333333 0.0033333333333333335 0.0033333333333333335 0.0033333333333333335 
0.004 0.084 0.40399999999999997 0.084 0.004 0.004 0.204 0.204 0.004 0.004 
0.07380952380952381 0.002380952380952381 0.0976190476190476 0.05 0.002380952380952381 0.002380952380952381 0.002380952380952381 0.2642857142857143 0.38333333333333336 0.12142857142857141 
0.052500000000000005 0.027500000000000004 0.0025 0.052500000000000005 0.0775 0.052500000000000005 0.5025000000000001 0.22749999999999998 0.0025 0.0025 
0.0014285714285714286 0.73 0.015714285714285715 0.0014285714285714286 0.07285714285714286 0.030000000000000002 0.030000000000000002 0.015714285714285715 0.030000000000000002 0.07285714285714286 
0.0018181818181818182 0.038181818181818185 0.02 0.056363636363636366 0.09272727272727273 0.18363636363636363 0.2927272727272728 0.09272727272727273 0.07454545454545454 0.14727272727272728 
0.019642857142857146 0.14464285714285713 0.10892857142857142 0.0017857142857142859 0.1982142857142857 0.2517857142857143 0.1982142857142857 0.0017857142857142859 0.0017857142857142859 0.0732142857142857 
0.10340909090909091 0.035227272727272725 0.06931818181818182 0.0125 0.21704545454545457 0.22840909090909092 0.13749999999999998 0.06931818181818182 0.035227272727272725 0.09204545454545454 
0.002 0.48200000000000004 0.102 0.002 0.002 0.022000000000000002 0.022000000000000002 0.062 0.262 0.042 
0.0032258064516129032 0.0032258064516129032 0.0032258064516129032 0.0032258064516129032 0.45483870967741935 0.3258064516129032 0.0032258064516129032 0.0032258064516129032 0.16451612903225804 0.035483870967741936 
0.3979166666666667 0.27291666666666664 0.02291666666666667 0.02291666666666667 0.06458333333333334 0.0020833333333333333 0.10625 0.0020833333333333333 0.06458333333333334 0.043750000000000004 
0.058333333333333334 0.002777777777777778 0.002777777777777778 0.16944444444444443 0.030555555555555558 0.28055555555555556 0.058333333333333334 0.39166666666666666 0.002777777777777778 0.002777777777777778 
0.17127659574468088 0.19255319148936173 0.07553191489361702 0.20319148936170214 0.054255319148936165 0.01170212765957447 0.022340425531914895 0.16063829787234044 0.04361702127659574 0.06489361702127659 
0.45681818181818185 0.07045454545454545 0.002272727272727273 0.07045454545454545 0.002272727272727273 0.22954545454545452 0.002272727272727273 0.002272727272727273 0.16136363636363635 0.002272727272727273 
0.1980392156862745 0.00196078431372549 0.5313725490196078 0.08039215686274509 0.060784313725490195 0.00196078431372549 0.021568627450980395 0.00196078431372549 0.021568627450980395 0.08039215686274509 
0.0030303030303030303 0.27575757575757576 0.12424242424242424 0.03333333333333333 0.0030303030303030303 0.03333333333333333 0.24545454545454545 0.27575757575757576 0.0030303030303030303 0.0030303030303030303 
0.42542372881355933 0.13728813559322034 0.05254237288135594 0.0016949152542372883 0.03559322033898305 0.0016949152542372883 0.13728813559322034 0.05254237288135594 0.10338983050847457 0.05254237288135594 
0.0022222222222222222 0.0022222222222222222 0.0022222222222222222 0.024444444444444446 0.0022222222222222222 0.04666666666666667 0.24666666666666665 0.13555555555555554 0.40222222222222226 0.13555555555555554 
0.0013333333333333335 0.12133333333333333 0.2813333333333334 0.16133333333333333 0.09466666666666666 0.08133333333333333 0.0013333333333333335 0.228 0.0013333333333333335 0.028 
0.07560975609756097 0.2707317073170732 0.19756097560975608 0.0024390243902439024 0.051219512195121955 0.0024390243902439024 0.0024390243902439024 0.02682926829268293 0.0024390243902439024 0.36829268292682926 
0.0032258064516129032 0.035483870967741936 0.035483870967741936 0.06774193548387097 0.0032258064516129032 0.0032258064516129032 0.22903225806451613 0.6161290322580646 0.0032258064516129032 0.0032258064516129032 
0.27575757575757576 0.0030303030303030303 0.15454545454545454 0.0030303030303030303 0.21515151515151515 0.0030303030303030303 0.15454545454545454 0.0030303030303030303 0.0030303030303030303 0.18484848484848485 
0.02972972972972973 0.002702702702702703 0.02972972972972973 0.13783783783783782 0.1108108108108108 0.1108108108108108 0.002702702702702703 0.1108108108108108 0.05675675675675676 0.4081081081081081 
0.2125 0.12916666666666668 0.004166666666666667 0.004166666666666667 0.004166666666666667 0.08750000000000001 0.5458333333333333 0.004166666666666667 0.004166666666666667 0.004166666666666667 
0.0017543859649122807 0.01929824561403509 0.17719298245614035 0.0017543859649122807 0.21228070175438596 0.08947368421052632 0.4052631578947369 0.0017543859649122807 0.08947368421052632 0.0017543859649122807 
0.2676470588235294 0.20882352941176469 0.03235294117647059 0.03235294117647059 0.0029411764705882353 0.29705882352941176 0.03235294117647059 0.061764705882352944 0.061764705882352944 0.0029411764705882353 
0.16530612244897958 0.04285714285714286 0.06326530612244897 0.08367346938775509 0.0020408163265306124 0.24693877551020407 0.2673469387755102 0.12448979591836734 0.0020408163265306124 0.0020408163265306124 
0.016176470588235296 0.1338235294117647 0.22205882352941175 0.11911764705882352 0.04558823529411765 0.075 0.030882352941176472 0.075 0.2661764705882353 0.016176470588235296 
0.0025 0.1525 0.0025 0.20249999999999999 0.22749999999999998 0.0025 0.1025 0.20249999999999999 0.1025 0.0025 
0.024444444444444446 0.0022222222222222222 0.0022222222222222222 0.0911111111111111 0.06888888888888889 0.2688888888888889 0.0022222222222222222 0.15777777777777777 0.3577777777777778 0.024444444444444446 
0.24716981132075472 0.020754716981132078 0.0018867924528301887 0.2660377358490566 0.0018867924528301887 0.0018867924528301887 0.0018867924528301887 0.07735849056603773 0.3415094339622642 0.03962264150943397 
0.15106382978723404 0.04468085106382979 0.15106382978723404 0.002127659574468085 0.12978723404255318 0.1723404255319149 0.06595744680851064 0.23617021276595743 0.002127659574468085 0.04468085106382979 
0.04883720930232558 0.3511627906976744 0.07209302325581396 0.1883720930232558 0.002325581395348837 0.11860465116279069 0.04883720930232558 0.002325581395348837 0.16511627906976745 0.002325581395348837 
0.0019230769230769232 0.04038461538461539 0.11730769230769231 0.2519230769230769 0.175 0.13653846153846153 0.04038461538461539 0.09807692307692308 0.11730769230769231 0.021153846153846155 
0.02897196261682243 0.1130841121495327 0.019626168224299065 0.2252336448598131 0.18785046728971963 0.12242990654205607 0.047663551401869154 0.03831775700934579 0.21588785046728973 0.0009345794392523365 
0.0019230769230769232 0.04038461538461539 0.175 0.2519230769230769 0.07884615384615384 0.15576923076923077 0.0019230769230769232 0.0019230769230769232 0.021153846153846155 0.27115384615384613 
0.0024390243902439024 0.0024390243902439024 0.0024390243902439024 0.051219512195121955 0.0024390243902439024 0.0024390243902439024 0.09999999999999999 0.6365853658536585 0.12439024390243901 0.07560975609756097 
0.08367346938775509 0.28775510204081634 0.06326530612244897 0.12448979591836734 0.22653061224489796 0.0020408163265306124 0.06326530612244897 0.022448979591836737 0.0020408163265306124 0.12448979591836734 
0.061111111111111116 0.39444444444444443 0.005555555555555556 0.11666666666666667 0.39444444444444443 0.005555555555555556 0.005555555555555556 0.005555555555555556 0.005555555555555556 0.005555555555555556 
0.07560975609756097 0.12439024390243901 0.0024390243902439024 0.02682926829268293 0.051219512195121955 0.02682926829268293 0.14878048780487804 0.0024390243902439024 0.0024390243902439024 0.5390243902439025 
0.07183098591549296 0.015492957746478875 0.15633802816901407 0.11408450704225352 0.029577464788732397 0.05774647887323943 0.14225352112676057 0.05774647887323943 0.24084507042253522 0.11408450704225352 
0.08225806451612902 0.19516129032258064 0.0661290322580645 0.05 0.13064516129032258 0.13064516129032258 0.17903225806451611 0.0016129032258064516 0.1629032258064516 0.0016129032258064516 
0.3525 0.027500000000000004 0.0025 0.20249999999999999 0.052500000000000005 0.0775 0.0025 0.027500000000000004 0.0025 0.2525 
0.17719298245614035 0.0017543859649122807 0.17719298245614035 0.0719298245614035 0.08947368421052632 0.28245614035087724 0.0017543859649122807 0.0017543859649122807 0.0719298245614035 0.12456140350877193 
0.1629032258064516 0.05 0.0016129032258064516 0.0016129032258064516 0.08225806451612902 0.08225806451612902 0.17903225806451611 0.3080645161290323 0.09838709677419354 0.03387096774193549 
0.002380952380952381 0.002380952380952381 0.3357142857142857 0.0976190476190476 0.21666666666666665 0.19285714285714284 0.002380952380952381 0.0976190476190476 0.05 0.002380952380952381 
0.23392857142857143 0.0017857142857142859 0.0017857142857142859 0.12678571428571428 0.0017857142857142859 0.10892857142857142 0.0017857142857142859 0.2517857142857143 0.26964285714285713 0.0017857142857142859 
0.19859154929577463 0.08591549295774648 0.21267605633802816 0.0014084507042253522 0.05774647887323943 0.09999999999999999 0.015492957746478875 0.18450704225352113 0.0014084507042253522 0.14225352112676057 
0.3121621621621622 0.12297297297297297 0.09594594594594594 0.014864864864864866 0.12297297297297297 0.08243243243243242 0.0013513513513513514 0.2310810810810811 0.014864864864864866 0.0013513513513513514 
0.0019230769230769232 0.11730769230769231 0.11730769230769231 0.29038461538461535 0.05961538461538462 0.11730769230769231 0.0019230769230769232 0.175 0.0019230769230769232 0.11730769230769231 
0.21515151515151515 0.06363636363636364 0.12424242424242424 0.21515151515151515 0.27575757575757576 0.09393939393939395 0.0030303030303030303 0.0030303030303030303 0.0030303030303030303 0.0030303030303030303 
0.08541666666666665 0.02291666666666667 0.21041666666666667 0.0020833333333333333 0.0020833333333333333 0.23124999999999998 0.043750000000000004 0.08541666666666665 0.0020833333333333333 0.3145833333333333 
0.3121621621621622 0.0013513513513513514 0.0013513513513513514 0.041891891891891894 0.0554054054054054 0.041891891891891894 0.12297297297297297 0.2310810810810811 0.0013513513513513514 0.19054054054054054 
0.07884615384615384 0.04038461538461539 0.0019230769230769232 0.13653846153846153 0.3288461538461539 0.0019230769230769232 0.19423076923076923 0.0019230769230769232 0.21346153846153845 0.0019230769230769232 
0.0029411764705882353 0.03235294117647059 0.0029411764705882353 0.0029411764705882353 0.0029411764705882353 0.03235294117647059 0.3558823529411765 0.03235294117647059 0.29705882352941176 0.23823529411764705 
0.0018181818181818182 0.07454545454545454 0.07454545454545454 0.3109090909090909 0.0018181818181818182 0.22 0.14727272727272728 0.038181818181818185 0.1290909090909091 0.0018181818181818182 
0.022448979591836737 0.0020408163265306124 0.06326530612244897 0.24693877551020407 0.22653061224489796 0.06326530612244897 0.0020408163265306124 0.22653061224489796 0.14489795918367346 0.0020408163265306124 
0.061764705882352944 0.0029411764705882353 0.17941176470588235 0.15 0.0029411764705882353 0.3264705882352941 0.0029411764705882353 0.17941176470588235 0.0029411764705882353 0.0911764705882353 
0.07261904761904761 0.2273809523809524 0.10833333333333332 0.025 0.0011904761904761906 0.09642857142857142 0.13214285714285715 0.0011904761904761906 0.13214285714285715 0.2035714285714286 
0.5392857142857143 0.0035714285714285718 0.0035714285714285718 0.03928571428571429 0.0035714285714285718 0.0035714285714285718 0.0035714285714285718 0.25357142857142856 0.1464285714285714 0.0035714285714285718 
0.051219512195121955 0.0024390243902439024 0.4658536585365854 0.19756097560975608 0.02682926829268293 0.12439024390243901 0.0024390243902439024 0.09999999999999999 0.02682926829268293 0.0024390243902439024 
0.37868852459016394 0.001639344262295082 0.001639344262295082 0.13278688524590163 0.06721311475409836 0.13278688524590163 0.06721311475409836 0.08360655737704917 0.001639344262295082 0.13278688524590163 
0.09384615384615384 0.13999999999999999 0.047692307692307694 0.32461538461538464 0.0015384615384615385 0.047692307692307694 0.0015384615384615385 0.047692307692307694 0.2630769230769231 0.03230769230769231 
0.2690140845070423 0.04366197183098592 0.21267605633802816 0.09999999999999999 0.0014084507042253522 0.015492957746478875 0.19859154929577463 0.029577464788732397 0.09999999999999999 0.029577464788732397 
0.00196078431372549 0.09999999999999999 0.35490196078431374 0.00196078431372549 0.1196078431372549 0.060784313725490195 0.1980392156862745 0.041176470588235294 0.041176470588235294 0.08039215686274509 
0.004545454545454546 0.004545454545454546 0.2772727272727273 0.004545454545454546 0.2318181818181818 0.36818181818181817 0.05 0.004545454545454546 0.004545454545454546 0.05 
0.0022222222222222222 0.4466666666666667 0.0022222222222222222 0.04666666666666667 0.04666666666666667 0.0022222222222222222 0.0022222222222222222 0.0022222222222222222 0.2688888888888889 0.18 
0.14872881355932205 0.1656779661016949 0.042796610169491524 0.09364406779661018 0.10635593220338983 0.07245762711864408 0.06398305084745763 0.07245762711864408 0.1656779661016949 0.06822033898305085 
0.21228070175438596 0.054385964912280704 0.054385964912280704 0.3877192982456141 0.0017543859649122807 0.0017543859649122807 0.21228070175438596 0.054385964912280704 0.01929824561403509 0.0017543859649122807 
0.027500000000000004 0.0025 0.052500000000000005 0.27749999999999997 0.0775 0.1525 0.027500000000000004 0.027500000000000004 0.052500000000000005 0.3025 
0.2131578947368421 0.16052631578947368 0.002631578947368421 0.1868421052631579 0.002631578947368421 0.05526315789473685 0.31842105263157894 0.002631578947368421 0.002631578947368421 0.05526315789473685 
0.2517857142857143 0.05535714285714286 0.0017857142857142859 0.0017857142857142859 0.0017857142857142859 0.18035714285714285 0.019642857142857146 0.09107142857142857 0.0017857142857142859 0.3946428571428572 
0.06458333333333334 0.0020833333333333333 0.02291666666666667 0.14791666666666667 0.12708333333333333 0.043750000000000004 0.35625 0.0020833333333333333 0.0020833333333333333 0.23124999999999998 
0.002777777777777778 0.5583333333333333 0.030555555555555558 0.16944444444444443 0.030555555555555558 0.002777777777777778 0.002777777777777778 0.002777777777777778 0.19722222222222222 0.002777777777777778 
0.0029411764705882353 0.061764705882352944 0.0029411764705882353 0.061764705882352944 0.3558823529411765 0.061764705882352944 0.0029411764705882353 0.12058823529411763 0.03235294117647059 0.29705882352941176 
0.002 0.20199999999999999 0.262 0.002 0.062 0.20199999999999999 0.062 0.20199999999999999 0.002 0.002 
0.08039215686274509 0.00196078431372549 0.27647058823529413 0.00196078431372549 0.00196078431372549 0.00196078431372549 0.35490196078431374 0.00196078431372549 0.21764705882352942 0.060784313725490195 
0.004166666666666667 0.004166666666666667 0.46249999999999997 0.004166666666666667 0.42083333333333334 0.004166666666666667 0.004166666666666667 0.04583333333333334 0.04583333333333334 0.004166666666666667 
0.1275 0.0025 0.1775 0.0025 0.027500000000000004 0.052500000000000005 0.2525 0.22749999999999998 0.1275 0.0025 
0.012222222222222223 0.07888888888888888 0.39 0.13444444444444445 0.22333333333333336 0.0011111111111111111 0.12333333333333332 0.012222222222222223 0.0011111111111111111 0.023333333333333334 
0.0022222222222222222 0.20222222222222222 0.024444444444444446 0.0022222222222222222 0.0022222222222222222 0.0911111111111111 0.04666666666666667 0.0022222222222222222 0.3577777777777778 0.2688888888888889 
0.04038461538461539 0.021153846153846155 0.11730769230769231 0.07884615384615384 0.0019230769230769232 0.0019230769230769232 0.2519230769230769 0.13653846153846153 0.2519230769230769 0.09807692307692308 
0.0017543859649122807 0.24736842105263157 0.08947368421052632 0.15964912280701754 0.054385964912280704 0.0017543859649122807 0.12456140350877193 0.01929824561403509 0.0017543859649122807 0.30000000000000004 
0.02530120481927711 0.0012048192771084338 0.16987951807228915 0.25421686746987954 0.1819277108433735 0.2421686746987952 0.0012048192771084338 0.08554216867469878 0.03734939759036145 0.0012048192771084338 
0.20199999999999999 0.022000000000000002 0.022000000000000002 0.022000000000000002 0.102 0.122 0.302 0.062 0.102 0.042 
0.10384615384615384 0.026923076923076925 0.03974358974358975 0.0782051282051282 0.4371794871794872 0.001282051282051282 0.1423076923076923 0.1423076923076923 0.014102564102564105 0.014102564102564105 
0.14387755102040817 0.276530612244898 0.07244897959183673 0.011224489795918368 0.02142857142857143 0.041836734693877546 0.06224489795918367 0.22551020408163266 0.02142857142857143 0.12346938775510204 
0.10517241379310344 0.001724137931034483 0.07068965517241378 0.2603448275862069 0.001724137931034483 0.24310344827586206 0.03620689655172414 0.19137931034482758 0.05344827586206897 0.03620689655172414 
0.38653846153846155 0.09807692307692308 0.07884615384615384 0.0019230769230769232 0.021153846153846155 0.09807692307692308 0.21346153846153845 0.05961538461538462 0.04038461538461539 0.0019230769230769232 
0.08644067796610169 0.1711864406779661 0.05254237288135594 0.3067796610169492 0.10338983050847457 0.0016949152542372883 0.05254237288135594 0.0016949152542372883 0.20508474576271185 0.01864406779661017 
0.08360655737704917 0.09999999999999999 0.06721311475409836 0.018032786885245903 0.03442622950819672 0.018032786885245903 0.001639344262295082 0.24754098360655738 0.09999999999999999 0.3295081967213115 
0.3119047619047619 0.05 0.05 0.002380952380952381 0.002380952380952381 0.12142857142857141 0.0976190476190476 0.07380952380952381 0.12142857142857141 0.16904761904761903 
0.32127659574468087 0.15106382978723404 0.12978723404255318 0.02340425531914894 0.08723404255319148 0.002127659574468085 0.15106382978723404 0.002127659574468085 0.002127659574468085 0.12978723404255318 
0.08160919540229884 0.05862068965517241 0.12758620689655173 0.0011494252873563218 0.18505747126436783 0.09310344827586206 0.0011494252873563218 0.20804597701149427 0.09310344827586206 0.15057471264367817 
0.06864406779661017 0.06864406779661017 0.17033898305084746 0.0771186440677966 0.14491525423728815 0.060169491525423724 0.051694915254237285 0.18728813559322036 0.051694915254237285 0.11949152542372882 
0.16904761904761903 0.14523809523809522 0.05 0.002380952380952381 0.3119047619047619 0.21666666666666665 0.002380952380952381 0.002380952380952381 0.02619047619047619 0.07380952380952381 
0.034375 0.409375 0.034375 0.096875 0.003125 0.065625 0.003125 0.003125 0.159375 0.190625 
0.10923076923076923 0.15538461538461537 0.0015384615384615385 0.016923076923076926 0.3861538461538462 0.10923076923076923 0.03230769230769231 0.07846153846153846 0.0015384615384615385 0.10923076923076923 
0.20735294117647057 0.030882352941176472 0.11911764705882352 0.1926470588235294 0.0014705882352941176 0.0014705882352941176 0.20735294117647057 0.030882352941176472 0.04558823529411765 0.16323529411764706 
0.15 0.0029411764705882353 0.0029411764705882353 0.0029411764705882353 0.23823529411764705 0.03235294117647059 0.2676470588235294 0.03235294117647059 0.23823529411764705 0.03235294117647059 
0.18205128205128204 0.05384615384615385 0.002564102564102564 0.002564102564102564 0.10512820512820512 0.4641025641025641 0.002564102564102564 0.05384615384615385 0.002564102564102564 0.13076923076923075 
0.0025 0.1775 0.027500000000000004 0.0025 0.0025 0.0025 0.42750000000000005 0.027500000000000004 0.1275 0.20249999999999999 
0.0071428571428571435 0.0071428571428571435 0.5785714285714285 0.2928571428571428 0.07857142857142858 0.0071428571428571435 0.0071428571428571435 0.0071428571428571435 0.0071428571428571435 0.0071428571428571435 
0.0038461538461538464 0.04230769230769231 0.0038461538461538464 0.27307692307692305 0.27307692307692305 0.0038461538461538464 0.1576923076923077 0.11923076923076924 0.0038461538461538464 0.11923076923076924 
0.002173913043478261 0.002173913043478261 0.24130434782608695 0.1760869565217391 0.02391304347826087 0.15434782608695652 0.002173913043478261 0.35000000000000003 0.04565217391304348 0.002173913043478261 
0.06 0.07081081081081081 0.027567567567567567 0.0654054054054054 0.1464864864864865 0.027567567567567567 0.1681081081081081 0.011351351351351352 0.3789189189189189 0.04378378378378378 
0.0022222222222222222 0.0022222222222222222 0.06888888888888889 0.0911111111111111 0.15777777777777777 0.0022222222222222222 0.06888888888888889 0.15777777777777777 0.15777777777777777 0.2911111111111111 
0.0018181818181818182 0.07454545454545454 0.0018181818181818182 0.14727272727272728 0.47454545454545455 0.1290909090909091 0.02 0.056363636363636366 0.09272727272727273 0.0018181818181818182 
0.23642857142857143 0.022142857142857145 0.08642857142857142 0.115 0.015000000000000001 0.07214285714285713 0.1935714285714286 0.03642857142857143 0.09357142857142857 0.1292857142857143 
0.002631578947368421 0.47631578947368425 0.08157894736842106 0.2921052631578947 0.002631578947368421 0.028947368421052635 0.002631578947368421 0.002631578947368421 0.002631578947368421 0.10789473684210525 
0.02340425531914894 0.2148936170212766 0.002127659574468085 0.002127659574468085 0.08723404255319148 0.5340425531914894 0.002127659574468085 0.04468085106382979 0.08723404255319148 0.002127659574468085 
0.22301587301587303 0.13571428571428573 0.1277777777777778 0.1277777777777778 0.032539682539682535 0.04841269841269841 0.06428571428571428 0.13571428571428573 0.032539682539682535 0.07222222222222222 
0.005555555555555556 0.005555555555555556 0.005555555555555556 0.005555555555555556 0.33888888888888885 0.005555555555555556 0.11666666666666667 0.005555555555555556 0.11666666666666667 0.39444444444444443 
0.06307692307692307 0.18615384615384614 0.13999999999999999 0.0015384615384615385 0.03230769230769231 0.2630769230769231 0.10923076923076923 0.0015384615384615385 0.0015384615384615385 0.20153846153846153 
0.0025 0.0025 0.3275 0.3275 0.027500000000000004 0.0025 0.052500000000000005 0.2525 0.0025 0.0025 
0.002272727272727273 0.1159090909090909 0.025 0.20681818181818182 0.025 0.04772727272727273 0.16136363636363635 0.36590909090909096 0.04772727272727273 0.002272727272727273 
0.122 0.002 0.002 0.282 0.042 0.042 0.08199999999999999 0.282 0.002 0.142 
0.2609375 0.0265625 0.18281250000000002 0.042187499999999996 0.0265625 0.1046875 0.1046875 0.03697916666666667 0.057812499999999996 0.15677083333333333 
0.0018181818181818182 0.22 0.0018181818181818182 0.42000000000000004 0.0018181818181818182 0.09272727272727273 0.02 0.056363636363636366 0.0018181818181818182 0.18363636363636363 
